portugal,3e20fp
portugal,3e2yhk
portugal,3e3prv
portugal,3e3udq
portugal,3e3i75
portugal,3e1r6g
portugal,3e1yy1
portugal,3e243f
portugal,3e2uaz
portugal,3e1yqq
portugal,3e29jz
portugal,3e2tw7
portugal,3e3397
portugal,3e4ny3
portugal,3e4jdn
portugal,3e252u
portugal,3e1yuv
portugal,3e3bqe
portugal,3e44rq
portugal,3e22pg
portugal,3e1r4o
portugal,3e2e3x
portugal,3e1yox
portugal,3e1w6p
portugal,3e3833
portugal,3e34p4
portugal,3dzs73
portugal,3e26es
portugal,3dzc6q
portugal,3e1w06
portugal,3e2pel
portugal,3dzx4g
portugal,3e2e1y
portugal,3e2dyv
portugal,3e249b
portugal,3dzl9u
portugal,3dzzrr
portugal,3dy854
portugal,3dxuc0
portugal,3e1xkc
portugal,3dyacr
portugal,3e1t2v
portugal,3dzn6n
portugal,3e24w3
portugal,3dyjvx
portugal,3dxiem
portugal,3dxmeo
portugal,3dzcoj
portugal,3dzboq
portugal,3dyzv0
